row = reward for time step 

time for 10 ep: 11min, with 50 action sequence (not 500 as used in the paper ---> cem population) 

array([[0.62131086, 0.45432413, 0.44742109, 0.37083707, 0.34507008, 0.35778574, 0.36976556, 0.35087858, 0.34464096, 0.35054511],
       [0.63833478, 0.44454215, 0.43592104, 0.3710347 , 0.34865138, 0.35784906, 0.37228153, 0.35557025, 0.34758056, 0.3527194 ],
       [0.71546612, 0.44374375, 0.41763655, 0.36770598, 0.35003506, 0.35827001, 0.37288786, 0.35603177, 0.35094416, 0.35248063],
       [0.73187113, 0.44730217, 0.42071926, 0.36523053, 0.35030465, 0.35967568, 0.37320289, 0.35536108, 0.35126662, 0.35317273],
       [0.70790902, 0.44777121, 0.40662134, 0.36229241, 0.33757694, 0.3600586 , 0.37329041, 0.35450601, 0.3506034 , 0.35277413],
       [0.69852223, 0.44605003, 0.40166009, 0.35795155, 0.34671644, 0.35871827, 0.37304636, 0.35601358, 0.3474186 , 0.35258289],
       [0.66107005, 0.44942553, 0.39894338, 0.35376566, 0.35414246, 0.34741237, 0.37170129, 0.35444573, 0.34991982, 0.35424442],
       [0.62488606, 0.45592434, 0.38732667, 0.35289645, 0.35459589, 0.35577904, 0.36983795, 0.35300282, 0.34990597, 0.35502421],
       [0.60298625, 0.45426375, 0.38779662, 0.34582744, 0.35559408, 0.35787939, 0.3686927 , 0.3527111 , 0.34932943, 0.35480755],
       [0.59268557, 0.46553093, 0.38597559, 0.34953258, 0.35589101, 0.35841723, 0.36683722, 0.35347081, 0.34972802, 0.35380695],
       [0.58375128, 0.47201557, 0.38872993, 0.33998634, 0.35590717, 0.35752565, 0.36537065, 0.35312277, 0.35039723, 0.35264521],
       [0.54469624, 0.47172531, 0.38697081, 0.35366316, 0.35442451, 0.35982412, 0.36470449, 0.35309837, 0.35069864, 0.35221455],
       [0.50841896, 0.49080917, 0.38181304, 0.35237825, 0.34603872, 0.36010285, 0.35945716, 0.35033546, 0.35011197, 0.35350568],
       [0.49423523, 0.50037318, 0.38349113, 0.35180674, 0.34330443, 0.36225826, 0.36041117, 0.35254809, 0.34962115, 0.35078123],
       [0.47039396, 0.50144367, 0.38256319, 0.34109207, 0.35275366, 0.36384903, 0.35998077, 0.35090057, 0.34869057, 0.35203216],
       [0.43853385, 0.48599872, 0.37875135, 0.35139604, 0.35408744, 0.36424869, 0.35931352, 0.34713485, 0.34745368, 0.35160122],
       [0.42877996, 0.48062424, 0.38054333, 0.3483004 , 0.35422194, 0.36495628, 0.35570663, 0.34679306, 0.34967642, 0.35213851],
       [0.45261659, 0.45937126, 0.37863207, 0.35176039, 0.35682186, 0.36548857, 0.35580923, 0.34851252, 0.34980692, 0.35228596],
       [0.46538452, 0.46321253, 0.37234189, 0.35196867, 0.3571537 , 0.36511399, 0.35201082, 0.34942059, 0.35079171, 0.35233254],
       [0.45190952, 0.45963722, 0.37272641, 0.3180237 , 0.35784342, 0.36751528, 0.35437627, 0.34331184, 0.35197121, 0.34816923]])
       


time for 2 ep with 500 action seq: 680 seconds
